#! DF SCF 6-31G UHFl vs RHF test
#! Tests DF UHF hessian code for Ca = Cb


rhf_hess = np.array([
[ 0.41879598585632, -0.00023192017417, -0.00000000000000, -0.21006767840064,  0.14460784801976,  0.00000000000000, -0.20872830746692, -0.14437592781367, 0.00000000000000], 
[-0.00023192017417,  0.55981294104417, -0.00000000000000,  0.21191929495123, -0.27920656721704, -0.00000000000000, -0.21168737477743, -0.28060637384790, 0.00000000000000], 
[-0.00000000000000, -0.00000000000000,  0.05477503941891,  0.00000000000000, -0.00000000000000, -0.02739210555099,  0.00000000000000,  0.00000000000000,-0.02738293386869], 
[-0.21006767840064,  0.21191929495123,  0.00000000000000,  0.19840145813231, -0.17837518289667, -0.00000000000000,  0.01166622025915, -0.03354411206990, 0.00000000000000], 
[ 0.14460784801976, -0.27920656721704, -0.00000000000000, -0.17837518289667,  0.32549809921068,  0.00000000000000,  0.03376733489897, -0.04629153200698, 0.00000000000000], 
[ 0.00000000000000, -0.00000000000000, -0.02739210555099, -0.00000000000000,  0.00000000000000,  0.01790346664611,  0.00000000000000,  0.00000000000000, 0.00948863890270], 
[-0.20872830746692, -0.21168737477743,  0.00000000000000,  0.01166622025915,  0.03376733489897,  0.00000000000000,  0.19706208722725,  0.17792003990099,-0.00000000000000], 
[-0.14437592781367, -0.28060637384790,  0.00000000000000, -0.03354411206990, -0.04629153200698,  0.00000000000000,  0.17792003990099,  0.32689790586793,-0.00000000000000], 
[ 0.00000000000000,  0.00000000000000, -0.02738293386869,  0.00000000000000,  0.00000000000000,  0.00948863890270, -0.00000000000000, -0.00000000000000, 0.01789429496528], 
])

molecule h2o {
  symmetry c1
  units bohr
  nocom
  noreorient
0 1
  O            0.134467872279     0.000255539126     0.000000000000
  H           -1.069804624577     1.430455315728    -0.000000000000
  H           -1.064298089419    -1.434510907104    -0.000000000000
}

set { 
puream false
d_convergence 10
r_convergence 10
scf_type df
basis 6-31g 
reference uhf
}

uhf_hess = hessian('scf')

